0.29
-0.27
0.45
0.04
0.37
-0.06
0.26
-0.11
0.02
0.27
0.01
0.49
0.43
-0.0
-0.32
0.26
-0.14
0.06
0.33
0.08
0.42
0.28
-0.13
0.11
0.0
0.15
0.3
0.38
0.64
-0.24
0.34
-0.24
0.48
0.34
0.41
0.15
0.0
-0.12
0.29
0.25
-0.28
0.43
-0.12
0.31
0.36
0.08
0.46
0.08
0.5
0.02
0.25
-0.02
0.05
-0.16
-0.02
0.53
0.36
-0.05
-0.06
0.5
0.61
0.17
0.08
0.08
0.15
0.42
0.07
0.58
0.56
0.27
0.56
0.61
-0.11
0.48
-0.23
0.26
-0.2
-0.14
-0.05
-0.31
0.1
-0.22
0.14
0.49
0.48
0.55
-0.36
-0.09
0.55
0.42
-0.11
-0.25
0.66
0.17
-0.26
0.46
-0.18
-0.04
0.48
-0.14
-0.16
-0.05
-0.17
0.16
0.57
0.1
-0.39
0.2
0.4
-0.3
0.09
0.28
0.22
-0.05
-0.24
0.53
0.18
0.45
0.31
0.14
-0.28
0.04
-0.21
0.04
0.45
0.57
0.28
0.2
0.53
-0.28
-0.1
0.72
0.65
0.53
0.56
0.1
0.65
-0.33
0.35
0.01
0.13
0.59
-0.18
-0.25
0.35
-0.29
0.07
0.3
0.07
0.25
0.04
-0.13
-0.04
0.02
-0.18
0.38
0.43
0.04
-0.29
0.14
-0.32
0.52
0.54
0.07
-0.17
-0.27
-0.34
-0.03
0.66
-0.39
0.69
0.47
-0.15
-0.11
-0.36
0.67
0.47
0.39
-0.2
0.17
0.3
-0.08
0.58
0.38
-0.09
0.47
-0.19
-0.06
0.0
0.19
0.34
0.39
0.42
-0.28
0.19
-0.17
0.04
0.05
0.16
-0.47
0.33
-0.03
0.48
0.0
0.11
0.56
0.73
0.29
-0.06
-0.24
0.62
0.68
0.05
0.48
0.25
-0.09
-0.24
-0.24
0.2
0.27
-0.09
-0.21
-0.15
0.07
0.19
0.22
0.19
0.24
-0.26
0.14
0.22
-0.27
0.38
0.18
0.08
0.6
0.63
0.45
0.18
0.71
-0.12
-0.17
-0.29
0.27
0.08
-0.29
0.5
0.66
0.06
0.2
0.23
-0.17
-0.28
-0.08
0.38
0.28
0.22
-0.27
0.02
0.1
0.42
0.38
0.66
0.48
0.38
-0.08
0.16
0.55
0.2
0.62
0.29
0.31
-0.29
0.31
0.43
0.47
0.35
0.72
-0.24
0.27
0.17
0.02
0.47
0.16
0.41
-0.11
0.33
0.09
0.15
-0.02
0.6
0.17
0.59
0.48
-0.16
-0.27
0.54
0.39
-0.04
-0.33
0.18
0.51
-0.05
-0.06
-0.35
-0.07
-0.23
0.21
0.28
0.34
-0.03
-0.25
0.52
-0.23
-0.09
0.43
0.07
-0.15
0.38
0.35
0.24
-0.13
-0.33
0.66
0.46
0.0
-0.06
-0.33
0.32
-0.17
0.47
-0.15
0.38
0.27
0.43
-0.23
-0.13
0.61
0.02
-0.28
-0.03
0.38
-0.38
0.31
0.66
0.62
0.25
0.24
0.5
-0.08
0.42
-0.35
-0.27
0.49
-0.25
0.48
-0.1
-0.14
0.01
0.14
0.07
0.25
-0.13
0.16
-0.06
-0.11
-0.03
0.56
0.23
-0.03
0.36
0.24
-0.04
0.59
-0.26
-0.27
-0.33
0.43
0.32
-0.03
0.37
0.2
0.04
0.52
0.4
0.45
-0.12
0.39
-0.22
-0.34
-0.03
0.41
0.2
0.47
-0.1
-0.21
0.57
-0.21
-0.24
-0.33
-0.06
-0.14
0.09
0.59
0.1
0.13
-0.24
0.09
-0.09
-0.09
0.31
0.08
0.28
0.44
-0.16
0.33
0.2
0.68
-0.24
0.11
0.49
0.01
0.19
0.56
-0.04
0.45
0.23
-0.13
0.21
-0.32
-0.12
-0.21
0.31
0.27
-0.04
0.68
0.25
0.5
-0.0
-0.29
0.01
0.03
0.1
-0.33
-0.25
0.42
-0.02
0.56
0.51
0.64
-0.16
-0.37
-0.04
-0.33
0.33
0.12
-0.01
0.55
-0.22
0.15
0.34
-0.16
0.45
0.33
-0.15
0.51
0.57
0.16
0.1
-0.02
0.3
0.38
0.36
0.12
-0.05
-0.3
-0.25
0.42
0.05
0.08
-0.33
0.4
0.51
-0.36
0.19
-0.06
0.01
0.14
0.1
-0.16
0.05
0.58
0.04
0.7
0.05
-0.13
-0.3
0.24
-0.36
0.3
0.44
-0.29
0.15
0.51
-0.08
0.36
0.43
-0.02
0.47
0.23
0.15
0.32
0.31
-0.16
0.04
0.07
0.23
-0.05
0.69
0.36
0.29
0.24
-0.12
-0.17
0.2
-0.08
-0.34
0.24
0.36
-0.23
0.18
-0.33
0.45
0.18
0.03
0.3
-0.09
0.34
0.33
0.8
0.61
-0.3
0.66
0.57
-0.14
0.64
-0.13
0.32
-0.3
0.12
0.65
0.35
0.27
0.32
0.47
-0.14
0.04
0.3
0.03
0.4
0.68
0.29
-0.0
0.12
0.27
0.09
0.17
-0.13
0.24
0.01
0.39
0.44
-0.21
-0.29
0.38
0.44
0.11
0.3
-0.12
-0.05
0.02
-0.08
0.21
0.24
-0.06
0.33
0.31
0.41
-0.01
0.49
-0.08
0.1
-0.15
0.61
-0.17
0.32
0.4
0.4
0.08
-0.19
0.6
-0.27
-0.1
0.27
0.54
0.09
0.29
0.34
0.19
-0.3
0.4
0.3
0.53
0.14
0.27
-0.17
0.04
-0.11
-0.15
-0.33
0.67
0.46
0.2
0.43
0.48
0.52
0.44
0.22
0.55
-0.12
0.49
0.0
0.31
-0.18
0.1
-0.04
0.52
0.23
-0.09
0.14
0.0
-0.34
0.04
0.38
-0.49
-0.28
0.32
0.37
-0.26
-0.06
0.36
0.5
-0.27
0.48
0.56
0.34
0.18
-0.11
0.35
0.64
-0.14
-0.16
-0.24
0.53
-0.12
-0.14
0.08
-0.29
0.08
0.02
0.44
0.21
-0.15
0.4
0.33
0.32
0.52
-0.22
0.04
0.21
-0.21
-0.08
0.1
-0.23
0.49
-0.05
0.38
-0.01
-0.13
0.53
-0.17
0.14
0.43
0.1
0.13
-0.29
0.44
-0.08
0.68
0.03
0.71
0.01
0.57
0.27
-0.3
0.22
0.68
0.45
0.34
-0.22
0.42
0.45
-0.28
-0.19
0.32
0.49
-0.15
-0.32
0.52
0.08
0.28
0.03
0.07
0.54
0.55
-0.06
-0.12
0.51
-0.29
-0.07
-0.01
0.23
0.45
0.03
0.15
0.69
0.27
0.18
0.2
0.07
0.49
0.47
0.5
0.52
0.1
-0.1
-0.4
0.41
-0.0
0.51
0.33
0.24
0.3
0.57
0.25
0.42
-0.1
-0.26
-0.19
-0.19
0.25
0.48
0.53
-0.19
-0.35
0.19
-0.33
0.16
0.33
0.42
0.27
0.07
0.32
0.56
0.09
0.17
-0.21
0.17
0.0
0.22
0.58
0.13
-0.01
0.45
0.3
0.25
0.7
0.66
-0.13
0.27
-0.42
0.44
0.11
0.45
0.6
0.19
-0.37
0.32
-0.31
0.63
-0.27
0.19
0.43
0.63
0.14
0.84
0.18
0.39
0.66
0.16
0.1
-0.0
0.44
-0.17
0.42
0.17
0.24
0.4
0.29
0.19
0.59
0.44
-0.04
0.37
-0.02
0.35
0.29
0.13
0.17
0.35
0.54
-0.08
0.45
0.34
0.3
0.48
0.07
0.38
-0.13
0.28
0.47
0.32
0.33
0.41
-0.2
0.37
0.49
0.57
0.3
-0.16
0.26
-0.22
-0.2
0.24
0.34
-0.12
-0.29
0.09
-0.32
0.22
-0.35
-0.17
-0.16
0.22
-0.06
0.23
-0.08
0.32
0.54
0.6
0.01
-0.1
0.47
0.45
0.05
0.01
-0.24
0.41
0.27
0.17
0.43
-0.32
-0.16
-0.19
0.57
0.4
-0.04
-0.42
-0.04
0.49
-0.12
-0.26
0.37
0.09
0.46
0.25
-0.47
0.08
0.15
-0.15
-0.16
0.32
0.44
0.13
0.5
0.08
0.04
-0.27
0.34
0.16
-0.05
0.08
-0.03
0.51
0.14
-0.25
0.08
0.58
0.21
-0.04
0.19
0.12
0.62
0.37
-0.07
0.44
0.55
0.49
0.02
0.65
0.37
0.1
0.53
0.35
0.08
0.15
0.73
-0.08
0.29
0.2
-0.07
0.13
-0.39
-0.23
-0.16
-0.02
0.49
-0.19
0.56
-0.07
0.24
0.31
-0.16
0.65
0.48
0.1
0.52
0.39
0.7
0.49
0.35
0.36
0.44
-0.15
0.27
0.21
0.18
-0.3
-0.01
-0.05
-0.2
0.6
0.57
0.25
0.53
0.42
0.66
-0.03
0.1
-0.0
-0.18
0.33
-0.21
-0.27
-0.16
0.21
0.4
-0.14
0.34
0.31
0.44
0.59
0.12
0.38
0.45
0.24
0.24
0.71
-0.33
0.18
