-0.04
0.28
-0.21
-0.44
-0.26
-0.15
0.18
-0.45
0.31
-0.31
0.25
0.37
-0.11
-0.07
-0.39
0.59
0.32
0.31
0.37
-0.01
0.1
-0.53
-0.09
-0.36
-0.41
-0.35
-0.18
-0.45
-0.01
-0.3
0.2
0.05
0.25
-0.07
-0.46
-0.07
0.33
-0.0
0.52
-0.41
-0.47
0.16
0.04
-0.64
0.52
0.02
0.27
-0.1
0.1
0.02
0.26
-0.2
0.2
-0.06
-0.33
-0.19
-0.11
-0.34
-0.35
0.37
0.08
-0.13
-0.08
-0.01
0.18
0.14
0.29
0.05
0.35
0.08
-0.26
-0.49
0.04
0.38
0.04
-0.48
0.17
-0.51
0.07
-0.54
-0.34
-0.17
0.43
-0.39
-0.19
0.4
0.36
0.38
-0.24
-0.05
0.17
-0.13
-0.06
0.36
-0.36
0.08
-0.37
0.4
-0.06
-0.27
-0.24
-0.43
-0.52
-0.47
0.54
-0.36
-0.54
0.02
0.34
0.06
0.23
0.15
0.52
-0.06
0.06
-0.07
-0.0
-0.43
-0.06
-0.02
-0.49
0.24
-0.26
-0.02
-0.36
-0.25
0.3
0.31
-0.41
0.13
-0.44
-0.21
0.29
0.42
-0.29
0.04
-0.24
0.1
-0.12
-0.41
0.15
0.36
0.07
-0.55
-0.31
0.61
-0.1
-0.04
0.31
-0.49
-0.03
0.33
-0.12
-0.47
0.07
0.53
-0.16
-0.49
-0.02
0.44
0.19
-0.4
0.31
-0.03
-0.16
-0.37
-0.36
0.35
-0.34
0.05
-0.1
-0.03
0.23
-0.3
-0.41
-0.33
-0.15
-0.04
0.47
-0.1
0.47
0.2
-0.03
-0.02
-0.21
-0.43
-0.29
-0.47
-0.04
-0.14
0.31
0.29
-0.44
0.51
0.35
-0.25
-0.06
-0.04
0.45
-0.16
-0.4
0.07
0.39
0.32
-0.11
0.25
-0.23
-0.16
-0.25
-0.28
0.17
-0.59
0.49
0.3
0.51
0.23
0.1
-0.42
-0.51
-0.53
-0.12
-0.23
-0.31
-0.25
0.28
-0.21
-0.53
-0.41
0.53
0.38
-0.17
0.4
-0.6
-0.46
-0.04
0.27
0.12
0.09
0.39
0.22
0.35
-0.35
0.22
0.18
0.05
0.42
-0.47
0.35
-0.18
-0.03
-0.16
-0.41
0.09
-0.29
0.32
0.19
-0.48
0.02
0.49
0.21
0.1
0.32
0.44
0.14
-0.45
0.29
-0.07
0.28
-0.12
-0.44
0.17
0.18
-0.5
0.18
-0.0
-0.22
0.53
0.13
-0.27
-0.42
0.35
-0.39
0.44
-0.1
-0.17
0.29
-0.55
0.43
0.11
0.04
-0.36
0.42
-0.17
-0.42
-0.23
-0.45
0.43
-0.3
0.28
0.45
0.28
0.24
-0.55
0.44
0.1
-0.25
0.0
-0.03
-0.26
0.27
0.33
0.51
0.36
0.05
-0.12
0.16
-0.35
0.12
-0.4
-0.02
0.43
-0.51
-0.02
0.31
-0.44
-0.19
-0.46
-0.04
0.29
0.01
-0.3
-0.37
0.38
-0.26
-0.07
0.23
0.38
-0.39
0.23
0.13
0.28
-0.01
-0.39
0.33
-0.44
0.05
-0.12
0.25
-0.4
0.08
-0.01
0.48
-0.53
-0.38
-0.49
-0.35
0.05
0.18
0.33
0.08
0.09
0.03
-0.44
-0.12
0.23
0.33
-0.38
0.25
0.46
-0.02
0.41
0.26
-0.24
-0.01
0.4
0.4
-0.44
-0.34
0.49
-0.33
-0.48
0.08
-0.43
-0.51
0.38
0.45
-0.44
-0.17
0.52
0.16
0.2
-0.45
-0.2
-0.49
0.05
-0.34
-0.53
0.49
-0.04
-0.53
0.22
0.3
0.57
-0.13
-0.12
0.0
-0.25
0.22
0.11
-0.05
0.45
0.38
0.01
-0.36
-0.0
-0.07
0.34
0.16
-0.48
0.18
0.09
0.45
-0.43
-0.37
0.14
-0.13
0.24
-0.16
-0.26
0.45
-0.11
-0.05
-0.29
0.25
-0.16
-0.39
0.29
0.53
-0.54
0.16
-0.44
-0.14
0.04
-0.28
-0.14
0.49
0.4
-0.6
-0.07
0.45
0.09
-0.47
0.34
-0.3
-0.25
-0.0
0.09
0.2
-0.58
0.01
0.47
-0.43
-0.12
-0.15
0.17
-0.33
0.34
-0.21
0.38
-0.05
-0.03
0.42
-0.62
0.25
-0.49
0.05
-0.29
-0.5
-0.41
0.05
0.42
-0.37
0.17
-0.25
-0.16
-0.57
0.53
-0.37
-0.47
-0.24
-0.36
-0.4
0.02
-0.02
-0.13
0.38
-0.31
0.05
-0.43
-0.33
0.04
-0.15
0.15
0.09
0.33
0.15
0.23
-0.49
0.26
0.48
0.31
0.08
0.15
0.35
-0.2
0.12
-0.27
0.46
0.25
0.14
0.19
0.13
0.38
-0.04
-0.1
0.08
-0.02
0.01
0.12
-0.27
-0.5
-0.19
0.32
0.36
0.14
0.37
0.06
0.38
0.35
-0.29
0.3
0.03
0.06
0.02
-0.12
-0.46
0.45
0.12
0.34
0.11
-0.03
0.31
0.57
-0.48
-0.27
0.19
-0.07
-0.57
0.17
0.34
-0.02
-0.17
0.3
-0.3
-0.06
0.25
-0.06
-0.37
0.25
-0.24
-0.32
0.06
0.3
0.39
0.1
0.11
0.11
-0.0
0.35
0.42
0.34
-0.46
-0.14
0.3
0.51
-0.07
-0.28
0.46
0.07
-0.22
-0.33
0.42
0.16
0.49
-0.24
-0.4
-0.46
0.37
-0.03
-0.1
-0.35
0.02
0.19
0.35
0.28
-0.14
0.19
-0.31
-0.0
-0.5
-0.12
0.25
0.08
-0.0
-0.21
0.22
0.07
-0.27
-0.2
0.06
-0.43
0.42
0.36
-0.2
0.24
-0.29
0.12
0.33
-0.12
-0.49
0.35
-0.13
-0.41
-0.39
0.21
-0.37
-0.42
-0.19
-0.41
0.31
-0.33
-0.37
-0.43
0.53
0.03
-0.48
0.38
-0.06
0.3
-0.47
0.31
-0.45
-0.5
-0.21
-0.13
-0.06
0.07
-0.43
0.05
-0.16
0.16
0.47
0.19
-0.42
0.34
-0.02
0.51
0.41
-0.26
-0.15
-0.02
-0.35
-0.36
-0.21
-0.12
-0.3
-0.41
-0.27
-0.13
-0.5
-0.32
0.42
0.04
-0.08
-0.42
-0.23
-0.26
0.19
-0.16
-0.34
-0.09
0.14
-0.25
0.0
-0.45
-0.31
0.54
0.26
-0.31
0.15
0.23
0.08
-0.23
0.13
-0.19
0.08
-0.48
0.16
-0.03
-0.27
-0.55
0.5
0.19
-0.47
0.31
0.46
-0.1
-0.09
0.05
-0.01
-0.07
-0.04
-0.3
0.29
0.3
-0.15
-0.04
0.35
0.17
0.19
0.37
0.18
-0.07
0.05
-0.54
0.03
0.17
0.1
-0.49
-0.25
0.24
-0.21
-0.04
-0.1
-0.27
-0.52
-0.51
-0.29
0.19
0.32
0.49
0.43
-0.05
0.13
-0.76
-0.31
0.26
0.29
0.21
0.09
-0.36
-0.01
-0.17
0.22
0.24
0.29
0.05
-0.36
-0.44
0.39
-0.34
0.04
0.39
0.21
-0.11
0.35
-0.23
-0.21
-0.28
-0.47
-0.53
0.06
-0.02
-0.01
-0.36
-0.33
-0.17
-0.29
-0.34
-0.44
0.17
-0.23
-0.27
-0.1
-0.41
0.29
0.22
0.25
0.04
-0.17
0.38
0.27
-0.44
-0.18
0.1
-0.45
-0.47
-0.51
-0.19
-0.02
0.19
0.39
-0.08
0.21
0.36
0.22
-0.15
-0.12
0.09
-0.46
0.23
0.48
-0.05
0.46
-0.07
0.14
0.02
0.42
-0.19
-0.08
-0.66
0.25
-0.33
0.29
0.33
0.38
-0.24
0.27
-0.24
0.27
-0.03
-0.47
-0.16
-0.38
-0.09
0.29
0.13
-0.23
-0.24
-0.12
0.24
0.03
-0.06
-0.05
0.42
0.16
0.14
0.03
-0.1
0.14
0.22
-0.24
-0.2
-0.25
-0.17
-0.39
-0.23
0.05
-0.02
-0.08
-0.13
-0.55
0.14
0.45
-0.1
0.23
0.08
-0.12
-0.02
0.46
-0.32
0.02
-0.06
0.36
-0.26
0.21
0.13
-0.11
0.26
-0.17
0.34
0.35
0.19
-0.04
0.05
-0.49
0.32
-0.31
-0.11
0.42
-0.37
-0.31
-0.27
0.02
-0.38
0.09
0.25
-0.14
0.04
-0.25
-0.42
0.32
-0.39
-0.27
-0.22
-0.35
-0.33
0.24
-0.48
-0.21
0.38
0.4
-0.46
-0.38
-0.43
0.13
-0.14
-0.42
-0.46
-0.19
0.08
0.28
-0.33
-0.14
0.09
0.3
-0.23
0.39
0.25
-0.32
0.07
0.1
-0.4
-0.01
-0.42
-0.01
-0.32
0.05
-0.13
0.18
-0.11
-0.06
-0.16
-0.41
0.15
-0.12
0.32
-0.32
-0.22
-0.43
-0.15
-0.1
-0.21
0.29
0.28
0.1
0.49
-0.18
-0.18
-0.3
0.27
0.28
0.26
0.18
0.4
-0.33
-0.28
0.35
-0.44
0.48
-0.39
-0.41
-0.17
-0.19
-0.05
-0.5
0.34
0.45
-0.28
0.39
-0.31
0.05
0.3
0.32
-0.32
-0.04
-0.08
-0.41
-0.42
-0.28
