0.02
0.43
-0.12
-0.3
-0.1
-0.02
0.23
-0.19
0.54
-0.18
0.33
0.52
-0.01
0.09
-0.28
0.62
0.34
0.3
0.55
0.11
0.14
-0.21
0.2
-0.12
-0.34
-0.13
0.11
-0.3
0.23
-0.17
0.37
0.23
0.47
0.03
-0.24
0.06
0.43
0.14
0.62
-0.21
-0.29
0.34
0.21
-0.39
0.6
0.28
0.25
0.13
0.26
0.28
0.29
0.12
0.24
-0.02
-0.08
-0.02
-0.0
-0.09
-0.08
0.57
0.18
0.06
0.08
0.04
0.32
0.36
0.49
0.09
0.43
0.23
-0.18
-0.32
0.08
0.41
0.22
-0.3
0.36
-0.25
0.34
-0.38
-0.14
0.03
0.4
-0.26
0.04
0.62
0.54
0.3
-0.08
0.07
0.16
0.11
0.01
0.49
-0.43
0.22
-0.14
0.52
0.11
-0.05
-0.15
-0.32
-0.4
-0.23
0.48
-0.17
-0.3
0.32
0.47
0.23
0.42
0.18
0.62
0.11
0.19
0.28
0.15
-0.22
-0.04
0.13
-0.46
0.44
-0.17
0.03
-0.39
0.01
0.41
0.38
-0.31
0.25
-0.34
-0.07
0.52
0.49
-0.04
0.28
-0.05
0.33
0.02
-0.31
0.52
0.48
0.25
-0.38
-0.11
0.57
0.1
-0.03
0.46
-0.45
0.05
0.52
0.01
-0.34
0.09
0.64
0.03
-0.32
0.03
0.55
0.26
-0.41
0.53
0.03
0.0
-0.13
-0.25
0.59
-0.23
0.18
-0.07
0.25
0.39
-0.01
-0.24
-0.23
0.08
0.04
0.57
-0.02
0.52
0.27
0.08
0.16
-0.19
-0.21
0.02
-0.49
0.12
-0.0
0.63
0.46
-0.3
0.5
0.63
-0.11
0.15
0.15
0.72
-0.07
-0.22
0.23
0.49
0.34
0.13
0.41
-0.2
0.01
-0.2
0.0
0.27
-0.15
0.7
0.46
0.63
0.04
0.27
-0.21
-0.22
-0.34
0.01
-0.13
-0.21
0.01
0.48
-0.11
-0.25
0.09
0.67
0.33
-0.12
0.56
-0.48
-0.19
0.14
0.42
0.19
0.02
0.38
0.18
0.41
-0.4
0.31
0.31
0.2
0.55
-0.35
0.47
0.03
0.05
0.08
-0.27
0.18
-0.06
0.49
0.47
-0.37
0.18
0.51
0.33
0.35
0.47
0.57
0.26
-0.43
0.38
0.11
0.4
-0.13
-0.29
0.36
0.31
-0.3
0.34
0.14
-0.07
0.61
0.25
-0.13
-0.28
0.45
-0.23
0.5
0.1
0.08
0.43
-0.34
0.56
0.2
0.16
-0.18
0.47
-0.01
-0.42
-0.05
-0.28
0.65
-0.13
0.43
0.66
0.31
0.44
-0.4
0.56
0.06
0.03
0.11
0.18
-0.06
0.38
0.51
0.55
0.57
0.3
0.21
0.27
-0.19
0.2
-0.25
0.05
0.64
-0.28
0.1
0.49
-0.15
-0.02
-0.26
0.05
0.38
0.12
-0.08
-0.17
0.51
-0.02
0.09
0.51
0.39
-0.29
0.25
0.19
0.43
-0.01
-0.2
0.51
-0.27
0.18
0.17
0.5
-0.36
0.26
-0.17
0.5
-0.38
-0.38
-0.34
-0.15
0.2
0.29
0.38
0.15
0.19
0.21
-0.19
-0.04
0.43
0.37
-0.27
0.2
0.67
0.12
0.57
0.43
-0.11
0.11
0.61
0.45
-0.27
-0.24
0.64
-0.26
-0.17
0.32
-0.26
-0.33
0.58
0.61
-0.26
0.1
0.61
0.37
0.38
-0.11
-0.12
-0.46
0.26
-0.23
-0.3
0.6
0.09
-0.33
0.39
0.45
0.58
0.14
0.04
0.25
-0.14
0.35
0.32
0.23
0.63
0.47
0.25
-0.19
-0.03
0.19
0.61
0.34
-0.27
0.32
0.24
0.68
-0.23
-0.19
0.26
-0.03
0.47
0.05
-0.19
0.5
0.13
0.05
-0.04
0.49
-0.06
-0.21
0.52
0.6
-0.37
0.26
-0.33
0.08
0.21
0.05
-0.0
0.65
0.65
-0.35
0.24
0.53
0.25
-0.39
0.61
-0.18
-0.23
0.13
0.19
0.14
-0.44
0.09
0.6
-0.29
-0.11
-0.01
0.24
-0.18
0.51
-0.12
0.61
0.11
0.07
0.28
-0.35
0.29
-0.32
0.31
-0.17
-0.18
-0.11
0.06
0.61
-0.23
0.28
-0.19
-0.06
-0.51
0.63
-0.21
-0.24
-0.09
-0.15
-0.28
0.17
0.05
-0.08
0.51
-0.16
0.14
-0.25
-0.19
0.07
0.01
0.37
0.17
0.42
0.27
0.46
-0.36
0.45
0.69
0.53
0.21
0.2
0.31
-0.17
0.36
-0.28
0.64
0.35
0.35
0.15
0.13
0.45
0.09
0.07
0.3
0.18
0.18
0.44
-0.07
-0.36
-0.04
0.48
0.37
0.27
0.42
0.18
0.67
0.59
-0.11
0.41
0.17
0.22
0.37
-0.01
-0.23
0.57
0.38
0.57
0.21
0.09
0.56
0.75
-0.11
-0.03
0.32
0.05
-0.31
0.29
0.47
0.2
0.03
0.47
-0.11
0.13
0.42
0.08
-0.25
0.36
-0.07
-0.15
0.34
0.58
0.58
0.19
0.17
0.31
0.12
0.43
0.53
0.51
-0.21
-0.05
0.39
0.72
-0.02
-0.1
0.62
0.25
-0.19
-0.13
0.55
0.32
0.74
-0.08
-0.32
-0.33
0.48
0.06
0.02
-0.24
0.22
0.38
0.31
0.6
-0.01
0.34
-0.18
0.19
-0.5
-0.11
0.53
0.17
0.16
-0.17
0.29
0.34
-0.1
-0.22
0.35
-0.35
0.73
0.56
0.1
0.52
-0.07
0.3
0.47
0.04
-0.37
0.48
-0.08
-0.23
-0.12
0.38
-0.37
-0.36
0.01
-0.24
0.61
-0.06
-0.24
-0.19
0.66
0.08
-0.34
0.56
0.11
0.33
-0.34
0.44
-0.3
-0.28
0.03
-0.05
0.14
0.23
-0.29
0.28
0.09
0.31
0.63
0.41
-0.34
0.53
0.23
0.67
0.58
-0.15
-0.2
0.17
-0.14
-0.22
-0.1
0.06
-0.14
-0.2
-0.11
0.07
-0.45
-0.24
0.62
-0.06
0.15
-0.29
-0.23
-0.11
0.14
0.1
-0.19
0.06
0.28
0.04
0.09
-0.16
-0.11
0.64
0.35
-0.04
0.08
0.54
0.17
-0.02
0.15
0.03
0.19
-0.25
0.35
0.16
-0.07
-0.25
0.62
0.09
-0.24
0.07
0.53
-0.1
0.11
0.04
0.22
0.16
0.09
-0.2
0.51
0.55
-0.12
0.14
0.51
0.32
0.29
0.47
0.57
0.15
0.23
-0.16
0.02
0.39
0.29
-0.41
-0.01
0.34
-0.07
0.19
0.07
-0.04
-0.41
-0.28
0.01
0.38
0.33
0.5
0.6
0.09
0.25
-0.32
-0.14
0.45
0.46
0.41
0.27
-0.25
0.15
-0.02
0.51
0.34
0.49
0.3
-0.08
-0.28
0.45
-0.18
0.21
0.5
0.32
0.02
0.49
0.01
-0.05
-0.14
-0.31
-0.39
0.23
0.25
0.3
-0.27
-0.34
0.05
-0.09
-0.17
-0.25
0.33
-0.23
-0.12
0.02
-0.29
0.44
0.41
0.35
0.12
-0.13
0.6
0.5
-0.22
-0.06
0.22
-0.16
-0.33
-0.27
0.05
0.23
0.28
0.56
-0.19
0.41
0.57
0.36
0.06
0.1
0.2
-0.27
0.35
0.6
0.04
0.72
0.03
0.21
0.07
0.66
-0.02
-0.13
-0.5
0.43
-0.17
0.53
0.56
0.43
-0.13
0.63
-0.08
0.48
0.16
-0.33
0.05
-0.06
0.11
0.34
0.32
-0.21
-0.03
0.02
0.45
0.2
0.09
0.2
0.61
0.29
0.07
0.15
-0.09
0.39
0.33
-0.2
-0.04
-0.15
-0.09
-0.11
-0.0
0.28
0.24
-0.02
-0.01
-0.45
0.43
0.54
0.02
0.43
0.35
0.08
0.19
0.7
-0.14
0.02
0.15
0.58
-0.19
0.41
0.41
0.1
0.42
0.1
0.5
0.41
0.44
-0.02
0.16
-0.35
0.64
-0.02
-0.02
0.53
-0.21
-0.06
-0.14
0.24
-0.19
0.13
0.45
0.07
0.21
-0.01
-0.47
0.53
-0.12
-0.13
-0.16
-0.18
-0.12
0.42
-0.44
-0.14
0.51
0.52
-0.17
-0.23
-0.25
0.21
0.09
-0.29
-0.25
-0.12
0.18
0.39
-0.13
-0.06
0.25
0.41
-0.02
0.41
0.37
-0.28
0.19
0.21
-0.2
0.1
-0.3
0.2
-0.17
0.2
-0.02
0.35
0.11
0.06
0.04
-0.11
0.28
0.03
0.33
-0.12
-0.2
-0.29
0.07
-0.05
-0.03
0.41
0.37
0.41
0.68
-0.14
-0.2
-0.28
0.52
0.26
0.42
0.23
0.55
-0.11
-0.18
0.57
-0.17
0.58
-0.28
-0.26
0.01
0.08
0.11
-0.43
0.33
0.63
-0.03
0.52
-0.37
0.3
0.3
0.36
-0.07
0.17
0.05
-0.33
-0.32
-0.17
