-0.06
0.13
-0.35
-0.53
-0.37
-0.25
-0.05
-0.47
0.34
-0.32
0.04
0.34
-0.15
-0.07
-0.59
0.3
0.35
0.23
0.31
-0.1
-0.03
-0.47
-0.1
-0.39
-0.71
-0.36
-0.15
-0.52
0.03
-0.33
0.16
-0.05
0.15
-0.19
-0.49
-0.2
0.3
-0.09
0.38
-0.25
-0.51
0.19
0.04
-0.5
0.4
0.11
0.22
-0.12
0.09
0.16
0.14
-0.19
0.02
-0.2
-0.25
-0.19
-0.16
-0.4
-0.4
0.28
0.0
-0.18
-0.19
-0.22
0.02
0.2
0.31
-0.22
0.36
0.17
-0.33
-0.64
-0.22
0.26
0.08
-0.62
0.18
-0.37
0.08
-0.65
-0.32
-0.34
0.39
-0.5
-0.29
0.4
0.27
0.12
-0.19
-0.0
0.07
-0.06
-0.12
0.42
-0.51
-0.04
-0.43
0.22
-0.04
-0.33
-0.48
-0.39
-0.63
-0.43
0.56
-0.5
-0.61
0.11
0.21
0.1
0.2
0.21
0.49
-0.05
-0.07
-0.06
-0.02
-0.51
-0.15
-0.03
-0.41
0.17
-0.49
0.12
-0.6
-0.29
0.02
0.3
-0.43
-0.02
-0.62
-0.24
0.21
0.2
-0.21
-0.04
-0.28
0.13
-0.13
-0.58
0.2
0.28
0.25
-0.59
-0.27
0.36
-0.07
-0.01
0.43
-0.38
0.03
0.3
-0.24
-0.44
0.06
0.48
-0.15
-0.53
0.0
0.39
0.29
-0.67
0.19
-0.19
-0.18
-0.3
-0.56
0.34
-0.36
-0.06
-0.35
-0.03
0.06
-0.19
-0.35
-0.49
-0.12
-0.14
0.21
-0.29
0.4
0.12
-0.11
-0.04
-0.37
-0.47
-0.04
-0.76
-0.15
-0.03
0.3
0.21
-0.56
0.45
0.41
-0.33
-0.07
-0.24
0.47
-0.11
-0.47
0.07
0.17
0.22
-0.07
0.29
-0.37
-0.24
-0.28
-0.34
0.1
-0.25
0.38
0.31
0.29
-0.04
0.18
-0.45
-0.49
-0.64
-0.22
-0.14
-0.34
-0.25
0.24
-0.26
-0.33
-0.19
0.45
0.31
-0.19
0.4
-0.6
-0.4
-0.2
0.26
0.17
-0.07
0.23
0.24
0.23
-0.51
0.1
0.12
-0.15
0.29
-0.5
0.39
-0.31
-0.01
-0.1
-0.52
-0.07
-0.39
0.18
0.17
-0.55
-0.03
0.24
0.21
0.15
0.2
0.37
0.11
-0.41
0.2
-0.05
0.26
-0.29
-0.34
0.09
0.16
-0.48
0.17
-0.13
-0.22
0.51
0.12
-0.36
-0.45
0.33
-0.45
0.29
-0.19
-0.22
0.13
-0.54
0.35
0.15
-0.12
-0.26
0.51
-0.17
-0.36
-0.28
-0.49
0.35
-0.32
0.14
0.36
0.16
0.24
-0.74
0.44
0.05
-0.27
-0.03
-0.13
-0.18
0.19
0.27
0.38
0.41
0.06
-0.07
0.12
-0.36
0.17
-0.33
-0.15
0.44
-0.51
-0.1
0.36
-0.44
-0.06
-0.43
-0.04
0.24
-0.01
-0.29
-0.39
0.33
-0.2
-0.13
0.28
0.51
-0.39
0.07
0.12
0.24
-0.18
-0.4
0.25
-0.55
-0.05
-0.12
0.39
-0.54
0.32
-0.36
0.3
-0.75
-0.34
-0.59
-0.33
-0.08
0.06
0.24
-0.11
0.03
0.14
-0.51
-0.11
0.18
0.37
-0.48
0.14
0.34
0.07
0.36
0.13
-0.28
-0.02
0.33
0.28
-0.45
-0.5
0.42
-0.5
-0.5
0.08
-0.48
-0.38
0.37
0.43
-0.37
-0.03
0.3
0.14
0.33
-0.36
-0.19
-0.64
0.17
-0.42
-0.52
0.33
-0.01
-0.62
0.13
0.26
0.59
-0.02
-0.18
-0.03
-0.35
0.26
0.01
0.12
0.38
0.41
0.05
-0.43
-0.09
-0.09
0.37
0.14
-0.6
0.09
-0.03
0.28
-0.44
-0.35
0.08
-0.21
0.22
-0.19
-0.41
0.26
-0.11
-0.12
-0.29
0.24
-0.37
-0.32
0.16
0.42
-0.65
0.09
-0.43
-0.21
-0.1
-0.31
-0.32
0.38
0.3
-0.59
-0.03
0.35
0.09
-0.55
0.21
-0.29
-0.69
-0.16
-0.08
0.08
-0.52
-0.1
0.44
-0.52
-0.19
-0.11
0.12
-0.48
0.32
-0.31
0.31
0.02
-0.12
0.41
-0.41
0.06
-0.56
0.12
-0.41
-0.48
-0.21
-0.07
0.36
-0.51
0.03
-0.37
-0.12
-0.49
0.45
-0.37
-0.38
-0.22
-0.45
-0.45
0.11
-0.13
-0.25
0.38
-0.43
-0.06
-0.46
-0.24
-0.22
-0.16
-0.01
-0.03
0.28
0.19
0.23
-0.55
0.22
0.4
0.32
0.08
0.05
0.16
-0.41
0.11
-0.38
0.41
0.03
0.22
0.16
-0.14
0.48
-0.19
-0.24
0.18
-0.05
0.15
0.3
-0.43
-0.52
-0.19
0.17
0.09
0.05
0.26
-0.03
0.37
0.31
-0.37
0.3
-0.11
0.04
0.06
-0.29
-0.47
0.36
0.11
0.33
0.06
-0.01
0.41
0.44
-0.51
-0.19
-0.15
0.07
-0.53
0.03
0.43
0.17
-0.16
0.26
-0.25
0.04
0.23
-0.19
-0.34
0.31
-0.28
-0.36
0.23
0.35
0.4
-0.09
0.14
0.11
-0.2
0.27
0.24
0.25
-0.31
-0.28
-0.04
0.32
-0.1
-0.44
0.49
0.06
-0.17
-0.33
0.28
0.07
0.41
-0.41
-0.43
-0.48
0.28
-0.14
-0.14
-0.5
-0.05
0.02
0.23
0.35
-0.21
0.15
-0.28
-0.07
-0.68
-0.17
0.3
-0.14
-0.04
-0.34
0.17
0.15
-0.16
-0.28
0.1
-0.54
0.48
0.37
-0.16
0.36
-0.27
0.11
0.26
-0.23
-0.53
0.57
-0.13
-0.42
-0.34
0.24
-0.36
-0.57
-0.15
-0.56
0.34
-0.36
-0.44
-0.49
0.46
-0.09
-0.52
0.42
-0.12
0.15
-0.47
0.44
-0.46
-0.6
-0.3
-0.14
0.02
-0.05
-0.48
0.08
-0.17
0.15
0.32
0.09
-0.62
0.39
-0.05
0.39
0.43
-0.1
-0.05
-0.11
-0.28
-0.45
-0.28
-0.07
-0.33
-0.5
-0.2
-0.1
-0.66
-0.31
0.34
-0.14
-0.24
-0.39
-0.39
-0.29
0.17
-0.18
-0.4
-0.2
0.34
-0.36
-0.11
-0.45
-0.41
0.53
0.21
-0.03
-0.11
0.16
0.04
-0.42
-0.07
-0.1
0.0
-0.47
0.09
0.09
-0.23
-0.52
0.28
0.07
-0.56
0.21
0.35
-0.13
-0.09
-0.02
-0.0
-0.06
0.02
-0.35
0.25
0.23
-0.21
-0.14
0.31
0.34
0.14
0.28
0.21
-0.09
0.15
-0.51
-0.11
0.1
0.04
-0.57
-0.0
0.26
-0.26
-0.05
-0.21
-0.24
-0.56
-0.42
-0.18
0.16
0.15
0.44
0.29
-0.14
0.1
-0.53
-0.21
0.33
0.22
0.16
0.06
-0.48
0.03
-0.21
0.2
0.1
0.28
0.11
-0.3
-0.45
0.16
-0.42
0.18
0.29
0.19
-0.3
0.36
-0.28
-0.31
-0.39
-0.59
-0.66
0.02
-0.02
-0.05
-0.64
-0.56
-0.22
-0.14
-0.4
-0.39
-0.01
-0.48
-0.21
-0.23
-0.56
0.22
-0.04
0.15
-0.06
-0.27
0.33
0.41
-0.45
-0.36
0.06
-0.45
-0.53
-0.6
-0.12
-0.08
0.12
0.43
0.05
0.24
0.32
0.27
-0.25
-0.03
-0.08
-0.59
0.15
0.49
-0.25
0.43
-0.1
0.07
0.1
0.46
-0.21
-0.13
-0.73
0.25
-0.33
0.13
0.34
0.35
-0.27
0.35
-0.11
0.2
-0.04
-0.6
-0.05
-0.24
-0.04
0.23
0.25
-0.5
-0.28
-0.18
0.31
-0.13
-0.19
-0.1
0.47
0.09
0.17
-0.06
-0.15
0.09
0.09
-0.33
-0.32
-0.18
-0.19
-0.38
-0.12
0.05
0.21
-0.25
-0.16
-0.61
0.06
0.27
-0.23
0.25
0.11
-0.03
-0.05
0.44
-0.27
-0.15
-0.04
0.5
-0.38
0.1
0.16
-0.2
0.16
-0.13
0.35
0.42
0.15
-0.24
0.06
-0.48
0.4
-0.32
-0.18
0.54
-0.26
-0.37
-0.32
-0.01
-0.18
0.16
0.25
-0.04
0.06
-0.31
-0.47
0.47
-0.34
-0.34
-0.39
-0.25
-0.43
0.27
-0.62
-0.32
0.27
0.39
-0.49
-0.44
-0.56
0.11
-0.09
-0.47
-0.48
-0.34
0.02
0.13
-0.25
-0.16
0.05
0.22
-0.44
0.49
0.22
-0.53
-0.11
-0.09
-0.36
-0.06
-0.59
-0.09
-0.35
-0.05
-0.06
0.1
-0.21
-0.04
-0.22
-0.46
0.04
-0.19
0.08
-0.33
-0.38
-0.54
-0.08
-0.32
-0.23
0.18
0.29
0.12
0.42
-0.4
-0.43
-0.46
0.36
0.07
0.16
0.01
0.28
-0.43
-0.31
0.28
-0.46
0.47
-0.59
-0.48
-0.23
-0.16
0.06
-0.68
0.09
0.32
-0.2
0.3
-0.27
0.06
0.21
0.17
-0.19
-0.06
-0.32
-0.48
-0.5
-0.5
