0.08
-0.4
0.37
-0.21
0.22
-0.13
0.15
-0.09
-0.11
0.16
-0.2
0.32
0.31
-0.06
-0.47
0.15
-0.26
-0.14
0.17
-0.17
0.31
0.21
-0.22
-0.05
0.04
-0.03
0.1
0.27
0.52
-0.34
0.26
-0.34
0.39
0.27
0.32
0.22
-0.24
-0.25
0.2
0.14
-0.26
0.31
-0.25
0.01
0.11
-0.12
0.27
-0.14
0.24
-0.11
0.15
-0.07
-0.11
-0.26
-0.15
0.34
0.39
-0.07
-0.19
0.46
0.48
0.17
-0.08
-0.21
-0.1
0.3
-0.11
0.39
0.68
0.1
0.34
0.35
-0.21
0.46
-0.43
0.04
-0.42
-0.34
-0.14
-0.41
-0.11
-0.35
-0.12
0.39
0.22
0.31
-0.35
-0.1
0.43
0.36
-0.18
-0.46
0.58
0.05
-0.42
0.29
-0.37
-0.08
0.19
-0.29
-0.4
-0.14
-0.45
0.04
0.41
-0.08
-0.45
0.16
0.26
-0.48
-0.08
0.12
0.05
-0.32
-0.39
0.43
0.0
0.29
0.21
-0.04
-0.37
-0.06
-0.4
-0.32
0.35
0.34
0.13
0.12
0.33
-0.4
-0.28
0.54
0.36
0.39
0.3
-0.12
0.44
-0.3
0.21
-0.06
-0.09
0.33
-0.38
-0.48
0.22
-0.46
-0.08
0.13
-0.05
0.13
-0.08
-0.24
-0.07
-0.14
-0.27
0.21
0.39
-0.1
-0.4
0.17
-0.34
0.38
0.49
-0.2
-0.31
-0.37
-0.31
-0.17
0.49
-0.44
0.52
0.34
-0.28
-0.29
-0.45
0.52
0.45
0.17
-0.37
-0.02
0.08
-0.44
0.41
0.31
-0.21
0.26
-0.43
-0.3
-0.49
-0.07
0.3
0.04
0.04
-0.4
0.13
-0.57
-0.05
0.03
-0.08
-0.42
0.14
-0.16
0.19
-0.3
-0.06
0.45
0.62
0.17
-0.24
-0.45
0.49
0.6
-0.0
0.31
0.09
-0.2
-0.45
-0.35
-0.01
0.05
-0.35
-0.3
-0.23
-0.14
0.05
0.11
0.11
0.09
-0.4
0.0
0.05
-0.18
0.42
0.27
0.01
0.44
0.36
0.17
-0.02
0.41
-0.27
-0.29
-0.38
0.3
-0.13
-0.39
0.33
0.55
-0.13
0.11
0.15
-0.42
-0.49
-0.18
0.18
0.16
0.14
-0.41
-0.12
-0.1
0.2
0.23
0.62
0.37
0.25
-0.36
-0.11
0.24
0.14
0.32
0.02
0.03
-0.47
0.0
0.11
0.29
0.2
0.44
-0.68
0.16
0.02
-0.29
0.33
-0.0
0.35
-0.28
0.15
-0.19
0.0
-0.21
0.38
-0.06
0.31
0.22
-0.14
-0.47
0.45
0.44
-0.2
-0.42
-0.01
0.33
-0.24
-0.23
-0.49
-0.28
-0.35
-0.03
0.19
0.12
-0.19
-0.39
0.27
-0.45
-0.2
0.26
-0.13
-0.44
0.32
0.0
0.16
-0.35
-0.47
0.44
0.23
-0.22
-0.31
-0.32
0.44
-0.23
0.37
-0.45
0.22
0.01
0.21
-0.33
-0.36
0.41
-0.18
-0.36
-0.1
0.33
-0.43
0.29
0.57
0.68
-0.14
0.19
0.51
-0.05
0.15
-0.34
-0.47
0.32
-0.21
0.49
-0.26
-0.24
-0.18
0.07
0.06
-0.09
-0.16
-0.13
-0.08
-0.17
-0.31
0.55
-0.08
-0.19
0.22
0.14
-0.15
0.4
-0.22
-0.56
-0.47
0.38
0.48
-0.24
0.41
0.29
0.13
0.42
0.48
0.21
-0.42
0.36
-0.38
-0.27
-0.19
0.38
0.08
0.32
-0.2
-0.43
0.37
-0.27
-0.37
-0.49
-0.27
-0.33
-0.12
0.37
0.14
-0.07
-0.28
-0.19
-0.27
-0.05
0.35
-0.16
0.22
0.22
-0.06
0.28
0.07
0.5
-0.46
-0.11
0.33
-0.17
-0.03
0.43
-0.31
0.29
0.1
-0.17
0.07
-0.56
-0.27
-0.39
0.25
-0.02
-0.25
0.51
0.13
0.27
-0.18
-0.48
-0.24
-0.19
-0.13
-0.52
-0.42
0.4
-0.03
0.57
0.44
0.46
-0.19
-0.43
-0.19
-0.29
0.21
-0.15
-0.19
0.59
-0.32
0.2
0.05
-0.38
0.26
0.23
-0.34
0.24
0.32
-0.14
0.12
-0.33
0.02
0.1
-0.08
-0.1
-0.15
-0.59
-0.42
0.3
-0.12
0.0
-0.37
0.35
0.27
-0.42
0.13
-0.15
-0.21
-0.02
0.05
-0.45
-0.06
0.25
-0.09
0.51
-0.26
-0.24
-0.41
0.05
-0.37
0.1
0.29
-0.33
0.11
0.35
-0.33
0.18
0.3
-0.24
0.31
-0.03
-0.03
0.24
0.46
-0.29
-0.12
-0.07
0.06
-0.05
0.53
0.25
0.23
0.13
-0.12
-0.25
0.21
-0.28
-0.42
0.18
0.22
-0.33
0.05
-0.37
0.07
0.05
-0.14
0.19
-0.22
0.3
0.08
0.39
0.4
-0.54
0.58
0.45
-0.2
0.57
-0.15
0.1
-0.48
-0.13
0.49
0.21
0.14
0.35
0.29
-0.26
-0.03
0.16
-0.1
0.15
0.56
0.1
0.01
0.07
0.24
-0.1
-0.03
-0.13
0.11
-0.07
0.05
0.18
-0.32
-0.58
0.12
0.52
0.17
0.17
-0.3
-0.36
-0.09
0.08
0.0
0.14
-0.15
0.23
0.16
0.2
-0.21
0.28
-0.34
-0.06
-0.33
0.44
-0.41
0.16
0.27
0.22
-0.13
-0.5
0.37
-0.44
-0.44
0.09
0.26
-0.02
0.04
0.27
0.07
-0.37
0.37
0.11
0.26
0.06
0.3
-0.5
-0.08
-0.14
-0.27
-0.45
0.52
0.29
0.01
0.01
0.43
0.16
0.19
-0.08
0.2
-0.24
0.26
-0.46
0.16
-0.03
0.06
-0.04
0.39
0.34
0.05
0.02
-0.21
-0.27
0.11
0.23
-0.32
-0.31
0.44
0.24
-0.29
-0.21
0.26
0.44
-0.42
0.39
0.49
0.17
0.01
-0.11
0.38
0.4
-0.25
-0.25
-0.13
0.47
-0.38
-0.27
-0.14
-0.21
0.13
-0.11
0.18
0.03
-0.34
0.27
0.11
0.16
0.26
-0.37
-0.15
0.07
-0.32
-0.3
-0.06
-0.36
0.34
-0.21
0.17
-0.22
-0.23
0.27
-0.14
0.01
0.25
-0.12
0.02
-0.11
0.34
-0.2
0.51
-0.1
0.47
-0.13
0.45
0.07
-0.41
0.11
0.54
0.23
0.17
-0.39
0.29
0.23
-0.31
-0.38
0.23
0.17
-0.25
-0.5
0.26
-0.12
0.13
-0.1
-0.17
0.51
0.32
-0.27
-0.3
0.31
-0.51
-0.3
-0.16
0.14
0.3
-0.07
-0.12
0.52
0.25
0.19
0.05
-0.03
0.3
0.52
0.42
0.31
0.02
-0.26
-0.42
0.23
-0.04
0.41
-0.06
0.03
0.18
0.34
0.07
0.3
-0.11
-0.33
-0.27
-0.35
0.05
0.42
0.5
-0.17
-0.3
0.16
-0.41
0.06
0.28
0.24
0.2
-0.08
0.2
0.47
-0.0
0.01
-0.47
-0.01
-0.05
0.11
0.35
-0.16
-0.05
0.45
0.02
0.16
0.63
0.5
-0.22
0.05
-0.33
0.25
-0.15
0.1
0.37
0.17
-0.3
0.31
-0.52
0.42
-0.39
0.06
0.24
0.33
0.03
0.32
0.15
0.25
0.62
0.06
-0.04
-0.1
0.31
-0.23
0.31
0.06
0.14
0.22
0.23
0.17
0.44
0.4
-0.13
0.24
0.03
0.29
0.24
0.02
-0.07
0.23
0.41
-0.19
0.44
0.31
0.38
0.23
-0.04
0.19
-0.1
0.12
0.26
0.35
0.18
0.18
-0.37
0.16
0.27
0.39
0.1
-0.34
0.13
-0.45
-0.42
0.03
0.29
-0.31
-0.39
-0.18
-0.41
0.09
-0.48
-0.24
-0.3
0.24
-0.16
0.09
-0.15
0.19
0.41
0.42
-0.27
-0.23
0.33
0.28
-0.07
-0.15
-0.4
0.24
0.29
-0.01
0.31
-0.51
-0.28
-0.21
0.48
0.47
-0.31
-0.24
-0.2
0.51
-0.16
-0.34
0.23
0.04
0.41
0.19
-0.5
-0.09
-0.17
-0.29
-0.46
0.23
0.17
0.01
0.22
-0.18
-0.1
-0.22
0.33
0.24
-0.14
0.02
-0.23
0.27
0.01
-0.36
-0.23
0.42
0.15
-0.1
0.03
-0.12
0.4
0.16
-0.34
0.3
0.36
0.46
-0.07
0.52
0.14
0.04
0.5
0.18
-0.14
0.02
0.53
-0.18
0.21
0.13
-0.21
-0.06
-0.33
-0.31
-0.33
-0.28
0.49
-0.09
0.34
-0.12
0.14
0.4
-0.35
0.49
0.36
-0.12
0.33
0.23
0.43
0.43
0.34
0.22
0.31
-0.19
-0.0
0.03
0.06
-0.38
-0.28
-0.34
-0.36
0.36
0.53
0.14
0.38
0.27
0.48
-0.16
0.01
-0.26
-0.37
0.13
-0.37
-0.39
-0.21
0.06
0.27
-0.41
0.12
0.11
0.29
0.39
0.03
0.25
0.2
0.0
0.23
0.53
-0.52
0.04
