DATA FROM 50 LANDSCAPE PHOTOS:
*************************************************
Data [[39.48, 27.22, 106.94, 14.05, 161.59, 16.0, 126.0, 23.0], [105.89, 32.51, 24.49, 14.6, 161.21, 5.0, 104.0, 13.0], [20.83, 97.89, 35.32, 89.11, 53.32, 2.0, 58.0, 18.0], [15.46, 17.64, 22.24, 39.58, 32.09, 12.0, 145.0, 26.0], [102.94, 31.06, 19.73, 48.6, 82.34, 5.0, 141.0, 13.0], [32.91, 108.35, 17.61, 122.26, 170.78, 7.0, 126.0, 25.0], [47.92, 59.25, 35.41, 79.56, 102.48, 1.0, 126.0, 19.0], [39.31, 106.89, 10.11, 68.02, 160.18, 14.0, 126.0, 21.0], [37.25, 109.9, 46.27, 76.98, 5.68, 11.0, 236.0, 10.0], [46.26, 72.59, 115.82, 21.32, 154.94, 9.0, 67.0, 23.0], [99.19, 85.93, 69.69, 50.86, 34.14, 3.0, 126.0, 17.0], [105.17, 11.37, 24.05, 123.51, 161.29, 7.0, 138.0, 11.0], [104.91, 10.87, 114.45, 169.4, 138.06, 7.0, 126.0, 14.0], [36.04, 105.85, 26.63, 48.93, 79.29, 18.0, 194.0, 25.0], [37.09, 41.81, 101.59, 23.46, 73.73, 6.0, 126.0, 17.0], [27.21, 37.35, 9.06, 56.14, 101.16, 6.0, 126.0, 23.0], [103.06, 17.34, 37.52, 66.15, 157.09, 14.0, 186.0, 14.0], [15.28, 103.19, 37.41, 120.19, 160.79, 6.0, 157.0, 17.0], [101.51, 43.81, 121.66, 10.86, 160.11, 7.0, 138.0, 16.0], [35.81, 103.78, 27.05, 19.77, 67.18, 8.0, 105.0, 18.0], [101.52, 95.27, 32.36, 45.9, 71.61, 3.0, 251.0, 13.0], [106.03, 11.64, 19.77, 32.7, 157.4, 7.0, 132.0, 15.0], [47.35, 101.01, 41.52, 92.01, 67.87, 3.0, 126.0, 22.0], [43.09, 106.37, 13.57, 68.29, 158.24, 13.0, 126.0, 10.0], [28.4, 98.77, 42.47, 71.22, 0.17, 9.0, 288.0, 16.0], [104.13, 40.22, 84.99, 56.72, 0.26, 4.0, 152.0, 17.0], [99.64, 36.64, 48.57, 19.23, 157.42, 6.0, 225.0, 14.0], [106.34, 35.53, 60.7, 80.57, 162.62, 3.0, 136.0, 17.0], [106.8, 29.28, 37.76, 19.48, 85.51, 6.0, 168.0, 16.0], [102.64, 12.35, 84.62, 58.76, 161.15, 3.0, 126.0, 8.0], [39.82, 101.47, 31.59, 61.1, 12.21, 4.0, 126.0, 21.0], [12.56, 18.54, 167.91, 4.43, 137.78, 4.0, 147.0, 19.0], [105.89, 34.27, 94.36, 50.94, 18.56, 3.0, 126.0, 19.0], [30.8, 106.91, 122.78, 71.91, 160.09, 9.0, 126.0, 22.0], [35.76, 13.34, 21.39, 44.53, 95.83, 6.0, 196.0, 21.0], [16.14, 22.69, 30.1, 0.4, 77.78, 3.0, 128.0, 4.0], [103.65, 29.12, 35.79, 17.44, 87.14, 4.0, 164.0, 12.0], [113.98, 42.88, 58.48, 26.73, 82.99, 10.0, 100.0, 19.0], [24.36, 32.66, 116.26, 0.92, 164.21, 7.0, 128.0, 18.0], [39.27, 111.7, 124.82, 46.0, 71.7, 10.0, 129.0, 20.0], [41.06, 33.32, 105.83, 118.29, 0.11, 6.0, 193.0, 14.0], [13.07, 23.61, 1.74, 34.81, 168.4, 5.0, 209.0, 21.0], [110.15, 42.84, 24.6, 13.42, 161.67, 7.0, 126.0, 12.0], [98.95, 46.21, 54.61, 37.06, 18.58, 8.0, 168.0, 16.0], [18.58, 12.49, 1.13, 29.09, 170.05, 3.0, 126.0, 8.0], [101.3, 105.57, 63.34, 91.61, 79.19, 1.0, 126.0, 16.0], [106.99, 115.97, 9.57, 131.02, 157.69, 10.0, 54.0, 15.0], [28.37, 102.06, 106.33, 36.13, 67.9, 4.0, 126.0, 21.0], [38.73, 46.33, 105.23, 23.82, 66.95, 6.0, 127.0, 23.0], [29.02, 112.72, 98.28, 57.86, 156.22, 12.0, 102.0, 23.0]]
Data Mean 62.825750000000006
Data Length 50
Corner Data [23, 13, 18, 26, 13, 25, 19, 21, 10, 23, 17, 11, 14, 25, 17, 23, 14, 17, 16, 18, 13, 15, 22, 10, 16, 17, 14, 17, 16, 8, 21, 19, 19, 22, 21, 4, 12, 19, 18, 20, 14, 21, 12, 16, 8, 16, 15, 21, 23, 23]
Corner Data Mean 17.1
Corner Data Length 50
*************************************************
Number of edges list [126, 104, 58, 145, 141, 126, 126, 126, 236, 67, 126, 138, 126, 194, 126, 126, 186, 157, 138, 105, 251, 132, 126, 126, 288, 152, 225, 136, 168, 126, 126, 147, 126, 126, 196, 128, 164, 100, 128, 129, 193, 209, 126, 168, 126, 126, 54, 126, 127, 102]
Number of edges list Mean 142.68
Number of edges list Length 2
Largest edges list [16, 5, 2, 12, 5, 7, 1, 14, 11, 9, 3, 7, 7, 18, 6, 6, 14, 6, 7, 8, 3, 7, 3, 13, 9, 4, 6, 3, 6, 3, 4, 4, 3, 9, 6, 3, 4, 10, 7, 10, 6, 5, 7, 8, 3, 1, 10, 4, 6, 12]
Largest edges list Mean 6.86
Largest edges list Length 2
*************************************************