DATA FROM 38 PORTRAIT PHOTOS:
*************************************************
Data [[15.1, 136.25, 21.54, 7.78, 161.8, 8.0, 237.0, 10.0], [7.32, 108.55, 122.83, 160.29, 78.8, 13.0, 225.0, 18.0], [12.8, 5.08, 8.18, 1.72, 176.11, 18.0, 164.0, 17.0], [0.16, 10.33, 14.6, 160.69, 111.43, 9.0, 174.0, 11.0], [172.94, 135.26, 10.89, 2.09, 154.64, 13.0, 153.0, 14.0], [8.29, 10.42, 0.11, 30.0, 150.33, 11.0, 108.0, 16.0], [7.93, 15.07, 105.92, 39.56, 160.17, 12.0, 127.0, 25.0], [10.49, 6.45, 161.57, 173.54, 145.48, 7.0, 167.0, 14.0], [104.24, 11.5, 1.14, 119.51, 168.89, 8.0, 190.0, 14.0], [8.75, 0.27, 113.75, 121.66, 167.12, 6.0, 323.0, 10.0], [10.8, 147.59, 0.25, 168.14, 95.62, 12.0, 141.0, 15.0], [125.57, 117.12, 8.15, 131.62, 171.92, 12.0, 221.0, 14.0], [37.24, 7.71, 17.38, 117.74, 175.06, 12.0, 241.0, 18.0], [0.56, 14.2, 28.51, 165.79, 106.38, 6.0, 124.0, 6.0], [15.36, 2.37, 102.6, 168.89, 39.5, 11.0, 126.0, 12.0], [56.34, 34.6, 10.58, 115.9, 91.03, 15.0, 178.0, 19.0], [5.32, 13.09, 174.86, 160.32, 141.13, 5.0, 94.0, 21.0], [7.5, 1.3, 174.05, 20.76, 123.08, 8.0, 174.0, 20.0], [121.37, 0.04, 9.51, 155.33, 96.42, 7.0, 236.0, 10.0], [8.07, 1.24, 176.06, 146.33, 166.57, 6.0, 212.0, 13.0], [99.23, 5.4, 41.08, 65.33, 175.91, 8.0, 503.0, 20.0], [0.0, 13.24, 15.67, 10.03, 30.0, 10.0, 116.0, 8.0], [14.72, 4.93, 106.78, 29.66, 158.54, 10.0, 512.0, 17.0], [8.17, 14.74, 0.54, 172.92, 68.11, 11.0, 124.0, 14.0], [0.66, 9.36, 175.94, 171.12, 150.37, 9.0, 208.0, 15.0], [24.64, 14.37, 110.15, 52.28, 85.05, 12.0, 145.0, 15.0], [6.89, 1.41, 10.2, 172.24, 21.89, 23.0, 97.0, 21.0], [13.37, 165.03, 0.01, 150.0, 9.42, 8.0, 273.0, 14.0], [0.01, 11.7, 165.15, 7.23, 150.0, 9.0, 169.0, 14.0], [16.07, 24.78, 6.73, 111.33, 159.15, 8.0, 261.0, 16.0], [28.48, 24.63, 16.06, 36.52, 170.0, 7.0, 132.0, 20.0], [105.79, 7.8, 177.36, 116.78, 149.76, 9.0, 387.0, 16.0], [5.02, 8.26, 0.32, 12.65, 175.15, 5.0, 161.0, 9.0], [17.79, 9.68, 0.13, 120.62, 169.71, 4.0, 107.0, 15.0], [15.04, 10.02, 165.55, 0.73, 150.0, 12.0, 135.0, 19.0], [26.05, 25.0, 23.56, 20.12, 0.0, 6.0, 229.0, 13.0], [10.46, 24.26, 1.91, 120.14, 160.19, 6.0, 76.0, 16.0], [8.66, 121.15, 95.91, 164.26, 29.86, 15.0, 226.0, 18.0]]
Data Mean 71.07611842105263
Data Length 38
Corner Data [10, 18, 17, 11, 14, 16, 25, 14, 14, 10, 15, 14, 18, 6, 12, 19, 21, 20, 10, 13, 20, 8, 17, 14, 15, 15, 21, 14, 14, 16, 20, 16, 9, 15, 19, 13, 16, 18]
Corner Data Mean 15.18421052631579
Corner Data Length 38
*************************************************
Number of edges list [237, 225, 164, 174, 153, 108, 127, 167, 190, 323, 141, 221, 241, 124, 126, 178, 94, 174, 236, 212, 503, 116, 512, 124, 208, 145, 97, 273, 169, 261, 132, 387, 161, 107, 135, 229, 76, 226]
Number of edges list Mean 196.73684210526315
Number of edges list Length 2
Largest edges list [8, 13, 18, 9, 13, 11, 12, 7, 8, 6, 12, 12, 12, 6, 11, 15, 5, 8, 7, 6, 8, 10, 10, 11, 9, 12, 23, 8, 9, 8, 7, 9, 5, 4, 12, 6, 6, 15]
Largest edges list Mean 9.763157894736842
Largest edges list Length 2
*************************************************
